   826  65536 65662
   928  65536 65663
  2932      0  71
  3039      0  11
  3603      0 101
  4625      0  71
  4731      0  21
  5190      0 101
  6317      0  71
  6424      0  12
  6760      0 102
  8010      0  71
  8116      0  22
  8396      0 201
  9702      0  71
  9809      0  11
 10146      0 101
 11395      0  71
 11501      0  22
 11913      0 102
 13087      0  71
 13194      0  12
 13598      0 102
 14780      0  71
 14886      0  21
 15283      0 101
 16472      0  71
 16579      0  21
 16984      0 101
 18165      0  71
 18271      0  22
 18620      0 102
 19857      0  71
 19964      0  12
 20273      0 102
 21550      0  71
 21656      0  11
 21974      0 101
 23242      0  71
 23349      0  11
 23626      0 101
 24935      0  71
 25041      0  21
 25606      0 101
 26627      0  71
 26734      0  21
 27143      0 101
 28319      0  71
 28426      0  11
 28747      0 101
 30012      0  71
 30119      0  22
 30464      0 102
 31704      0  71
 31811      0  11
 32133      0 101
 33397      0  71
 33504      0  21
 33899      0 101
 35089      0  71
 35196      0  12
 35486      0 102
 36782      0  71
 36889      0  12
 37220      0 102
 38474      0  71
 38581      0  12
 38872      0 102
 40167      0  71
 40274      0  22
 40672      0 102
 41859      0  71
 41966      0  22
 42357      0 102
 43652      0 245
 44032      0 65536
 44067  65536 65662
 44169  65536 65663
 46176      0  71
 46283      0  21
 46620      0 101
 47869      0  71
 47975      0  12
 48191      0 102
 49561      0  71
 49668      0  12
 49909      0 102
 51254      0  71
 51360      0  11
 51561      0 101
 52946      0  71
 53053      0  22
 53377      0 102
 54639      0  71
 54745      0  12
 54980      0 102
 56331      0  71
 56438      0  11
 56665      0 101
 58024      0  71
 58130      0  21
 58300      0 202
 59716      0  71
 59823      0  22
 60182      0 102
 61409      0  71
 61515      0  21
 61850      0 101
 63101      0  71
 63208      0  12
 63421      0 102
 64794      0  71
 64900      0  21
 65155      0 202
 66104      0 201
 66486      0  71
 66593      0  11
 67150      0 101
 68178      0  71
 68285      0  22
 68623      0 102
 69871      0  71
 69978      0  22
 70357      0 102
 71563      0  71
 71670      0  11
 71911      0 101
 73256      0  71
 73363      0  21
 73694      0 101
 74948      0  71
 75055      0  21
 75428      0 101
 76641      0  71
 76748      0  11
 77064      0 101
 78333      0  71
 78440      0  12
 78896      0 102
 80026      0  71
 80133      0  12
 80483      0 102
 81718      0  71
 81825      0  11
 82217      0 101
 83411      0  71
 83518      0  22
 83902      0 102
 85103      0  71
 85210      0  22
 85570      0 102
 86896      0 245
 88064      0 65536
 88803  65536 65662
 88906  65536 65663
 90912      0  71
 91019      0  22
 91419      0 102
 92605      0  71
 92711      0  11
 92989      0 101
 94297      0  71
 94404      0  11
 94674      0 101
 95990      0  71
 96096      0  11
 96359      0 101
 97682      0  71
 97789      0  12
 98077      0 102
 99375      0  71
 99481      0  11
 99729      0 101
101067      0  71
101174      0  22
101545      0 102
102760      0  71
102866      0  21
103197      0 101
104452      0  71
104559      0  21
104931      0 101
106145      0  71
106251      0  21
106616      0 101
107837      0  71
107944      0  11
108220      0 101
109530      0  71
109636      0  21
110019      0 101
111222      0  71
111329      0  22
111704      0 102
112915      0  71
113021      0  21
113356      0 101
114607      0  71
114714      0  12
114992      0 102
116300      0  71
116406      0  12
116710      0 102
117992      0  71
118099      0  12
118411      0 102
119685      0  71
119791      0  21
120145      0 101
121377      0  71
121484      0  12
121765      0 102
123070      0  71
123176      0  22
123564      0 102
124762      0  71
124869      0  12
125216      0 102
126455      0  71
126561      0  12
126901      0 102
128147      0  71
128254      0  22
128684      0 102
129840      0  71
129946      0  12
130288      0 102
131532      0  71
131639      0  11
131907      0 101
133224      0  71
133331      0  21
133690      0 101
134917      0  71
135024      0  11
135293      0 101
136609      0  71
136716      0  12
136962      0 102
138302      0  71
138409      0  11
138680      0 101
139994      0  71
140101      0  22
140430      0 102
141687      0  71
141794      0  21
142131      0 101
143379      0  71
143486      0  11
143800      0 101
145072      0  71
145179      0  22
145518      0 102
146764      0  71
146871      0  22
147252      0 102
148457      0  71
148564      0  22
148986      0 102
150149      0  71
150256      0  22
150638      0 102
151842      0  71
151948      0  12
152225      0 102
153534      0  71
153641      0  21
153992      0 101
155227      0  71
155333      0  21
155693      0 101
156919      0  71
157026      0  11
157296      0 101
158712      0 245
159744      0 65536
160147  65536 65662
160249  65536 65663
162253      0  71
162360      0  12
163071      0 102
163945      0  71
164052      0  12
164363      0 102
165638      0  71
165745      0  11
166032      0 101
167330      0  71
167437      0  12
167733      0 102
169023      0  71
169130      0  21
169467      0 101
170715      0  71
170822      0  22
171152      0 102
172408      0  71
172515      0  21
172837      0 101
174100      0  71
174207      0  11
174686      0 101
175793      0  71
175900      0  22
176256      0 102
177485      0  71
177592      0  22
177958      0 102
179178      0  71
179285      0  22
179626      0 102
180870      0  71
180977      0  12
181246      0 102
182563      0  71
182670      0  11
182947      0 101
184255      0  71
184362      0  22
184698      0 102
185948      0  71
186054      0  22
186432      0 102
187640      0  71
187747      0  21
188100      0 101
189333      0  71
189439      0  12
189736      0 102
191025      0  71
191132      0  11
191372      0 101
192718      0  71
192824      0  22
193139      0 102
194410      0  71
194517      0  11
194807      0 101
196103      0  71
196209      0  12
196443      0 102
197795      0  71
197902      0  22
198259      0 102
199488      0  71
199594      0  11
199862      0 101
201180      0  71
201287      0  11
201547      0 101
202873      0  71
202979      0  21
203347      0 101
204565      0  71
204672      0  11
204983      0 101
206258      0  71
206364      0  21
206815      0 101
207950      0  71
208057      0  21
208434      0 101
209643      0  71
209749      0  11
210087      0 101
211335      0  71
211442      0  21
211804      0 101
213028      0  71
213134      0  12
213522      0 102
214720      0  71
214827      0  12
215191      0 102
216413      0  71
216519      0  21
216859      0 101
218105      0  71
218212      0  21
218544      0 101
219798      0  71
219904      0  12
220180      0 102
221490      0  71
221597      0  21
221947      0 101
223183      0  71
223289      0  12
223615      0 102
224875      0  71
224982      0  22
225268      0 201
226567      0  71
226674      0  11
227051      0 101
228260      0  71
228367      0  22
228703      0 102
230053      0 245
230400      0 65536
230463  65536 65662
230565  65536 65663
232570      0  71
232676      0  11
233062      0 101
234262      0  71
234369      0  21
234681      0 101
235955      0  71
236061      0  11
236317      0 101
237647      0  71
237754      0  12
238018      0 102
239340      0  71
239446      0  21
239769      0 101
241032      0  71
241139      0  21
241536      0 101
242725      0  71
242831      0  22
243171      0 102
244417      0  71
244524      0  11
244775      0 101
246110      0  71
246216      0  22
246574      0 102
247802      0  71
247909      0  22
248308      0 102
249495      0  71
249601      0  22
250009      0 102
251187      0  71
251294      0  21
251629      0 101
252880      0  71
252986      0  12
253347      0 102
254572      0  71
254679      0  21
255031      0 101
256264      0  71
256371      0  11
256684      0 101
257957      0  71
258064      0  11
258336      0 101
259649      0  71
259756      0  22
260135      0 102
261342      0  71
261449      0  11
261690      0 101
263034      0  71
263141      0  11
263391      0 101
264727      0  71
264834      0  11
265092      0 101
266419      0  71
266526      0  22
266892      0 102
268112      0  71
268219      0  12
268511      0 102
269804      0  71
269911      0  12
270180      0 102
271497      0  71
271604      0  21
271947      0 101
273189      0  71
273296      0  21
273648      0 101
274882      0  71
274989      0  21
275349      0 101
276574      0  71
276681      0  12
276985      0 102
278267      0  71
278373      0  12
278686      0 102
279959      0  71
280066      0  21
280404      0 101
281652      0  71
281758      0  12
282073      0 102
283344      0  71
283451      0  22
283807      0 102
285037      0  71
285143      0  11
285410      0 101
286729      0  71
286836      0  21
287062      0 202
288422      0  71
288528      0  12
288796      0 102
290114      0  71
290221      0  12
290481      0 102
291807      0  71
291913      0  12
292215      0 102
293499      0  71
293606      0  22
293998      0 102
295192      0  71
295298      0  22
295650      0 102
296884      0  71
296991      0  11
297270      0 101
298577      0  71
298683      0  22
298988      0 102
300369      0 245
301056      0 65536
301804  65536 65662
301906  65536 65663
303910      0  71
304017      0  22
304404      0 102
305603      0  71
305710      0  11
305958      0 101
307295      0  71
307402      0  21
307773      0 101
308988      0  71
309094      0  21
309426      0 101
310680      0  71
310787      0  21
311127      0 101
312373      0  71
312479      0  22
312812      0 102
314065      0  71
314172      0  11
314415      0 101
315758      0  71
315864      0  12
316165      0 102
317450      0  71
317557      0  22
318063      0 102
319143      0  71
319249      0  21
319584      0 101
320835      0  71
320942      0  12
321204      0 102
322528      0  71
322634      0  12
322954      0 102
324220      0  71
324327      0  11
324574      0 101
325913      0  71
326019      0  12
326275      0 102
327605      0  71
327712      0  11
327944      0 101
329298      0  71
329404      0  22
329760      0 102
330990      0  71
331097      0  21
331445      0 101
332683      0  71
332789      0  11
333097      0 101
334375      0  71
334482      0  11
334798      0 101
336068      0  71
336174      0  21
336532      0 101
337760      0  71
337867      0  21
338266      0 101
339453      0  71
339559      0  22
339902      0 102
341145      0  71
341252      0  12
341571      0 102
342838      0  71
342944      0  11
343272      0 101
344530      0  71
344637      0  21
345006      0 101
346223      0  71
346329      0  22
346707      0 102
347915      0  71
348022      0  11
348359      0 101
349607      0  71
349714      0  12
350061      0 102
351300      0  71
351407      0  21
351746      0 101
352992      0  71
353099      0  22
353431      0 102
354685      0  71
354792      0  22
355099      0 102
356377      0  71
356484      0  22
356801      0 102
358070      0  71
358177      0  12
358502      0 102
359762      0  71
359869      0  11
360138      0 101
361455      0  71
361562      0  12
361970      0 102
363147      0  71
363254      0  22
363492      0 201
364840      0  71
364947      0  12
365242      0 102
366532      0  71
366639      0  21
366960      0 101
368225      0  71
368332      0  12
368694      0 102
369917      0  71
370024      0  11
370248      0 101
371710      0 245
372736      0 65536
373144  65536 65662
373247  65536 65663
375251      0  71
375358      0  11
375761      0 101
376944      0  71
377050      0  22
377381      0 102
378636      0  71
378743      0  12
379000      0 102
380328      0  71
380435      0  11
380718      0 101
382021      0  71
382128      0  21
382354      0 202
383713      0  71
383820      0  12
384088      0 102
385406      0  71
385513      0  21
385855      0 101
387098      0  71
387205      0  22
387442      0 201
388791      0  71
388898      0  21
389323      0 101
390483      0  71
390590      0  12
390910      0 102
392176      0  71
392283      0  22
392660      0 102
393868      0  71
393975      0  22
394345      0 102
395561      0  71
395668      0  11
395964      0 101
397253      0  71
397360      0  21
397764      0 101
398946      0  71
399053      0  22
399400      0 102
400638      0  71
400745      0  12
401035      0 102
402331      0  71
402437      0  11
402688      0 101
404023      0  71
404130      0  22
404487      0 102
405716      0  71
405822      0  22
406172      0 102
407408      0  71
407515      0  21
407922      0 101
409101      0  71
409207      0  11
409526      0 101
410793      0  71
410900      0  11
411210      0 101
412486      0  71
412592      0  22
412944      0 102
414178      0  71
414285      0  11
414613      0 101
415871      0  71
415977      0  12
416249      0 102
417563      0  71
417670      0  21
418081      0 101
419256      0  71
419362      0  12
419652      0 102
420948      0  71
421055      0  21
421418      0 101
422641      0  71
422747      0  11
423071      0 101
424333      0  71
424440      0  12
424674      0 102
426026      0  71
426132      0  21
426490      0 101
427718      0  71
427825      0  11
428191      0 101
429411      0  71
429517      0  21
429909      0 101
431103      0  71
431210      0  22
431561      0 102
432796      0  71
432902      0  12
433278      0 102
434488      0  71
434595      0  12
434947      0 102
436181      0  71
436287      0  11
436648      0 101
437873      0  71
437980      0  22
438235      0 201
439566      0  71
439672      0  21
440117      0 101
441258      0  71
441365      0  12
441671      0 102
443051      0 245
443392      0 65536
443461  65536 65662
443563  65536 65663
445568      0  71
445674      0  21
446029      0 101
447260      0  71
447367      0  11
447649      0 101
448953      0  71
449059      0  11
449334      0 101
450645      0  71
450752      0  11
451035      0 101
452338      0  71
452444      0  22
452786      0 102
454030      0  71
454137      0  12
454421      0 102
455723      0  71
455829      0  21
456172      0 101
457415      0  71
457522      0  21
457857      0 101
459108      0  71
459214      0  11
459526      0 101
460800      0  71
460907      0  22
461243      0 102
462493      0  71
462599      0  22
463026      0 102
464185      0  71
464292      0  12
464564      0 102
465878      0  71
465984      0  11
466233      0 101
467570      0  71
467677      0  12
467951      0 102
469263      0  71
469369      0  12
469701      0 102
470955      0  71
471062      0  22
471582      0 102
472648      0  71
472754      0  12
473054      0 102
474340      0  71
474447      0  11
474674      0 101
476032      0  71
476139      0  11
476408      0 101
477725      0  71
477832      0  12
478109      0 102
479417      0  71
479524      0  12
479778      0 102
481110      0  71
481217      0  12
481463      0 102
482802      0  71
482909      0  12
483230      0 102
484495      0  71
484602      0  22
484947      0 102
486187      0  71
486294      0  22
486534      0 201
487880      0  71
487987      0  11
488366      0 101
489572      0  71
489679      0  22
490019      0 102
491265      0  71
491371      0  21
491736      0 101
492957      0  71
493064      0  21
493421      0 101
494650      0  71
494756      0  12
495057      0 102
496342      0  71
496449      0  22
496857      0 102
498035      0  71
498141      0  21
498591      0 101
499727      0  71
499834      0  21
500292      0 101
501420      0  71
501526      0  22
501895      0 102
503112      0  71
503219      0  21
503662      0 101
504805      0  71
504911      0  21
505281      0 101
506497      0  71
506604      0  21
506966      0 101
508190      0  71
508296      0  11
508635      0 101
509882      0  71
509989      0  11
510271      0 101
511575      0  71
511681      0  22
512054      0 102
513367      0 245
514048      0 65536
514802  65536 65662
514904  65536 65663
516908      0  71
517015      0  12
517339      0 102
518601      0  71
518708      0  11
518975      0 101
520293      0  71
520400      0  21
520660      0 202
521986      0  71
522093      0  22
522427      0 102
523678      0  71
523785      0  11
524046      0 101
525371      0  71
525477      0  12
525764      0 102
527063      0  71
527170      0  21
527514      0 101
528756      0  71
528862      0  12
529117      0 102
530448      0  71
530555      0  11
530786      0 101
532141      0  71
532247      0  12
532504      0 102
533833      0  71
533940      0  22
534434      0 102
535526      0  71
535632      0  22
536087      0 102
537218      0  71
537325      0  22
537706      0 102
538911      0  71
539017      0  21
539506      0 101
540603      0  71
540710      0  11
541027      0 101
542296      0  71
542402      0  12
542745      0 102
543988      0  71
544095      0  21
544528      0 101
545681      0  71
545787      0  22
546180      0 102
547373      0  71
547480      0  21
547865      0 101
549066      0  71
549172      0  11
549501      0 101
550758      0  71
550865      0  21
551268      0 101
552451      0  71
552557      0  12
552904      0 102
554143      0  71
554250      0  11
554540      0 101
555836      0  71
555942      0  21
556307      0 101
557528      0  71
557635      0  22
557959      0 102
559221      0  71
559327      0  11
559693      0 101
560913      0  71
561020      0  12
561312      0 102
562605      0  71
562712      0  21
563079      0 101
564298      0  71
564405      0  22
564764      0 102
565990      0  71
566097      0  21
566449      0 101
567683      0  71
567790      0  12
568118      0 102
569375      0  71
569482      0  22
569851      0 102
571068      0  71
571175      0  11
571488      0 101
572760      0  71
572867      0  11
573336      0 101
574453      0  71
574560      0  22
574939      0 102
576145      0  71
576252      0  12
576608      0 102
577838      0  71
577945      0  12
578571      0 102
579530      0  71
579637      0  11
580354      0 202
581223      0  71
581330      0  21
582006      0 101
582915      0  71
583022      0  22
583675      0 102
584708      0 245
585728      0 65536
586142  65536 65662
586245  65536 65663
588249      0  71
588356      0  22
588796      0 102
589942      0  71
590048      0  21
590399      0 101
591634      0  71
591741      0  21
592215      0 101
593326      0  71
593433      0  11
593868      0 101
595019      0  71
595126      0  12
595896      0 102
596711      0  71
596818      0  11
597336      0 101
598404      0  71
598511      0  22
599103      0 102
600096      0  71
600203      0  22
600575      0 102
601789      0  71
601896      0  22
602260      0 102
603481      0  71
603588      0  11
604108      0 101
605174      0  71
605281      0  11
605728      0 101
606866      0  71
606973      0  12
607429      0 102
608559      0  71
608666      0  21
609065      0 101
610251      0  71
610358      0  22
610750      0 102
611944      0  71
612051      0  21
612403      0 101
613636      0  71
613743      0  12
614235      0 102
615329      0  71
615435      0  22
615887      0 102
617021      0  71
617128      0  12
617523      0 102
618714      0  71
618820      0  11
619453      0 101
620406      0  71
620513      0  11
620942      0 101
622099      0  71
622205      0  22
622561      0 102
623791      0  71
623898      0  11
624246      0 101
625484      0  71
625590      0  22
625964      0 102
627176      0  71
627283      0  12
627780      0 102
628869      0  71
628975      0  12
629448      0 102
630561      0  71
630668      0  11
631182      0 101
632254      0  71
632360      0  11
632655      0 101
633946      0  71
634053      0  12
634585      0 102
635639      0  71
635745      0  22
636172      0 102
637331      0  71
637438      0  12
637841      0 102
639024      0  71
639130      0  22
639509      0 102
640716      0  71
640823      0  12
641178      0 102
642409      0  71
642515      0  12
642879      0 102
644101      0  71
644208      0  21
644564      0 101
645794      0  71
645900      0  21
646249      0 101
647486      0  71
647593      0  21
647901      0 101
649179      0  71
649285      0  11
649603      0 101
650871      0  71
650978      0  21
651369      0 101
652564      0  71
652670      0  21
652989      0 101
654256      0  71
654363      0  21
654690      0 101
656049      0 245
656384      0 65536
656459  65536 65662
656561  65536 65663
658566      0  71
658672      0  11
659082      0 101
660258      0  71
660365      0  12
660685      0 201
661951      0  71
662057      0  21
662370      0 101
663643      0  71
663750      0  11
664055      0 101
665336      0  71
665442      0  22
665789      0 102
667028      0  71
667135      0  12
667540      0 102
668721      0  71
668827      0  12
669176      0 102
670413      0  71
670520      0  11
670812      0 101
672106      0  71
672212      0  12
672497      0 102
673798      0  71
673905      0  11
674149      0 101
675491      0  71
675597      0  11
675834      0 101
677183      0  71
677290      0  11
677601      0 101
678876      0  71
678982      0  21
679318      0 101
680568      0  71
680675      0  22
680872      0 201
682261      0  71
682367      0  21
682688      0 101
683953      0  71
684060      0  22
684439      0 102
685645      0  71
685752      0  11
686042      0 101
687338      0  71
687445      0  12
687743      0 102
689030      0  71
689137      0  12
689477      0 102
690723      0  71
690830      0  22
691195      0 102
692415      0  71
692522      0  21
692880      0 101
694108      0  71
694215      0  22
694565      0 102
695800      0  71
695907      0  21
696266      0 101
697493      0  71
697600      0  12
697902      0 102
699185      0  71
699292      0  11
699587      0 101
700878      0  71
700985      0  21
701354      0 101
702570      0  71
702677      0  11
702957      0 101
704263      0  71
704369      0  12
704724      0 102
705955      0  71
706062      0  21
706376      0 101
707648      0  71
707754      0  22
708110      0 102
709340      0  71
709447      0  22
709697      0 201
711033      0  71
711139      0  21
711480      0 101
712725      0  71
712832      0  12
713116      0 102
714418      0  71
714524      0  22
714785      0 201
714866      0 202
715194      0 202
716110      0  71
716217      0  21
716568      0 101
717803      0  71
717909      0  22
718220      0 102
719495      0  71
719602      0  21
719938      0 101
721188      0  71
721294      0  12
721557      0 102
722880      0  71
722987      0  11
723275      0 101
724573      0  71
724679      0  22
725025      0 102
726365      0 245
727040      0 65536
727800  65536 65662
729906      0  71
730013      0  11
730376      0 101
731599      0  71
731706      0  12
731995      0 102
733291      0  71
733398      0  12
733680      0 102
734984      0  71
735090      0  12
735365      0 102
736676      0  71
736783      0  11
737165      0 101
738369      0  71
738475      0  21
738800      0 101
740061      0  71
740168      0  21
740404      0 202
741754      0  71
741860      0  11
742105      0 101
743446      0  71
743553      0  11
743806      0 101
745139      0  71
745245      0  12
745557      0 102
746831      0  71
746938      0  21
747258      0 101
748524      0  71
748630      0  11
748894      0 101
750216      0  71
750323      0  22
750742      0 102
751909      0  71
752015      0  21
752346      0 101
753601      0  71
753708      0  21
754047      0 101
755294      0  71
755400      0  22
755781      0 102
756986      0  71
757093      0  22
757433      0 102
758679      0  71
758785      0  21
759118      0 101
760371      0  71
760478      0  22
760852      0 102
760950      0 202
762064      0  71
762170      0  21
762553      0 101
763756      0  71
763863      0  11
764189      0 101
765449      0  71
765555      0  12
765858      0 102
767141      0  71
767248      0  21
767592      0 101
768834      0  71
768940      0  12
769212      0 102
770526      0  71
770633      0  22
771060      0 102
772219      0  71
772325      0  21
772647      0 101
773911      0  71
774018      0  12
774316      0 102
775603      0  71
775710      0  11
775870      0 201
777296      0  71
777403      0  21
777653      0 202
778988      0  71
779095      0  12
779338      0 102
780681      0  71
780788      0  12
781072      0 102
782373      0  71
782480      0  22
782822      0 102
784066      0  71
784173      0  22
784573      0 102
785758      0  71
785865      0  22
786160      0 201
787451      0  71
787558      0  12
787861      0 102
789143      0  71
789250      0  11
789530      0 101
790836      0  71
790943      0  22
791394      0 102
792528      0  71
792635      0  11
792900      0 101
794221      0  71
794327      0  22
794666      0 102
795913      0  71
796020      0  11
796286      0 101
797706      0 245
798720      0 65536
798919  65536 65662
801028      0  71
801135      0  11
801413      0 101
802721      0  71
802827      0  12
803065      0 102
804413      0  71
804520      0  21
804783      0 202
805110      0 201
806106      0  71
806212      0  21
806533      0 101
807798      0  71
807905      0  12
808153      0 102
809491      0  71
809597      0  21
809903      0 101
811183      0  71
811290      0  21
811654      0 101
812876      0  71
812982      0  22
813322      0 102
814568      0  71
814675      0  22
815024      0 102
816261      0  71
816367      0  12
816660      0 102
817953      0  71
818060      0  22
818394      0 102
819646      0  71
819752      0  21
820095      0 101
821338      0  71
821445      0  22
821780      0 102
823030      0  71
823137      0  11
823350      0 101
824723      0  71
824830      0  12
825101      0 102
826415      0  71
826522      0  22
826900      0 102
828108      0  71
828215      0  12
828536      0 102
829800      0  71
829907      0  21
830237      0 101
831493      0  71
831600      0  12
832070      0 102
833185      0  71
833292      0  21
833624      0 101
834878      0  71
834985      0  22
835325      0 102
836570      0  71
836677      0  22
837026      0 102
838263      0  71
838370      0  12
838662      0 102
839955      0  71
840062      0  21
840396      0 101
841648      0  71
841754      0  11
842098      0 101
843340      0  71
843447      0  12
843848      0 102
845033      0  71
845139      0  22
845517      0 102
846725      0  71
846832      0  11
847071      0 101
848418      0  71
848524      0  12
848919      0 102
850110      0  71
850217      0  11
850441      0 101
851803      0  71
851909      0  11
852159      0 101
853495      0  71
853602      0  22
853958      0 102
855188      0  71
855294      0  22
855627      0 102
856880      0  71
856987      0  21
857295      0 101
858573      0  71
858679      0  21
859029      0 101
860265      0  71
860372      0  11
860616      0 101
861958      0  71
862064      0  11
862383      0 101
863650      0  71
863757      0  11
864019      0 101
865343      0  71
865449      0  12
865720      0 102
867035      0  71
867142      0  11
867454      0 101
868828      0 245
869376      0 65536
870262  65536 65662
870365  65536 65663
872369      0  71
872475      0  22
873017      0 102
874061      0  71
874168      0  22
874571      0 102
875754      0  71
875860      0  11
876207      0 101
877446      0  71
877553      0  21
877859      0 101
879139      0  71
879245      0  12
879495      0 102
880831      0  71
880938      0  11
881180      0 101
882524      0  71
882630      0  11
883045      0 101
884216      0  71
884323      0  22
884713      0 102
885909      0  71
886015      0  11
886267      0 101
887601      0  71
887708      0  11
887969      0 101
889294      0  71
889400      0  12
889654      0 102
890986      0  71
891093      0  21
891421      0 101
892679      0  71
892785      0  22
893155      0 102
894371      0  71
894478      0  11
894774      0 101
896064      0  71
896170      0  11
896476      0 101
897756      0  71
897863      0  21
898357      0 101
899449      0  71
899555      0  22
899927      0 102
901141      0  71
901248      0  21
901596      0 101
902834      0  71
902940      0  12
903248      0 102
904526      0  71
904633      0  12
904933      0 102
906219      0  71
906325      0  12
906602      0 102
907911      0  71
908018      0  22
908270      0 201
909604      0  71
909710      0  21
910086      0 101
911296      0  71
911403      0  22
911788      0 102
912988      0  71
913095      0  11
913620      0 101
914681      0  71
914788      0  12
915125      0 102
916373      0  71
916480      0  11
916974      0 101
918066      0  71
918173      0  21
918544      0 101
919758      0  71
919865      0  12
920196      0 102
921451      0  71
921558      0  22
921914      0 102
923143      0  71
923250      0  11
923714      0 101
924836      0  71
924943      0  21
925300      0 101
926528      0  71
926635      0  21
927018      0 101
928221      0  71
928328      0  21
928703      0 101
929913      0  71
930020      0  21
930388      0 101
931606      0  71
931712      0  22
932089      0 102
933298      0  71
933405      0  22
933774      0 102
934991      0  71
935097      0  12
935558      0 102
936683      0  71
936790      0  12
937128      0 102
938376      0  71
938482      0  12
938862      0 102
940169      0 245
941056      0 65536
941603  65536 65662
941705  65536 65663
943709      0  71
943816      0  11
944196      0 101
945402      0  71
945509      0  21
945832      0 101
947094      0  71
947201      0  11
947500      0 101
948787      0  71
948894      0  11
949234      0 101
950479      0  71
950586      0  12
951132      0 102
952172      0  71
952279      0  11
952735      0 101
953864      0  71
953971      0  12
954257      0 102
955557      0  71
955664      0  11
955860      0 101
957249      0  71
957356      0  21
957790      0 101
958942      0  71
959049      0  11
959361      0 101
960634      0  71
960741      0  11
961062      0 101
962327      0  71
962434      0  11
962698      0 101
964019      0  71
964126      0  21
964481      0 101
965712      0  71
965818      0  22
966215      0 102
967404      0  71
967511      0  12
967851      0 102
969097      0  71
969203      0  22
969650      0 102
970789      0  71
970896      0  22
971303      0 102
972482      0  71
972588      0  22
973020      0 102
974174      0  71
974281      0  11
974754      0 101
975867      0  71
975973      0  22
976341      0 102
977559      0  71
977666      0  12
978026      0 102
979252      0  71
979358      0  22
979727      0 102
980944      0  71
981051      0  12
981347      0 102
982637      0  71
982743      0  21
983097      0 101
984329      0  71
984436      0  21
984782      0 101
986022      0  71
986128      0  21
986467      0 101
987714      0  71
987821      0  21
988152      0 101
989407      0  71
989513      0  12
989935      0 102
991099      0  71
991206      0  21
991538      0 101
992792      0  71
992898      0  12
993223      0 102
994484      0  71
994591      0  22
994974      0 102
996177      0  71
996283      0  12
996773      0 102
997869      0  71
997976      0  22
998344      0 102
999562      0  71
999668      0  21
1000029      0 101
1001254      0  71
1001361      0  12
1001828      0 102
1002946      0  71
1003053      0  12
1003350      0 102
1004639      0  71
1004746      0  22
1005116      0 102
1006331      0  71
1006438      0  22
1006769      0 102
1008024      0  71
1008131      0  11
1008470      0 101
1009716      0  71
1009823      0  21
1010220      0 101
1011509      0 245
1012736      0 65536
1012943  65536 65662
1013046  65536 65663
1015050      0  71
1015157      0  12
1015783      0 102
1016743      0  71
1016849      0  21
1017207      0 101
1018435      0  71
1018542      0  12
1018826      0 102
1020128      0  71
1020234      0  22
1020462      0 201
1021820      0  71
1021927      0  21
1022294      0 101
1023513      0  71
1023619      0  11
1023914      0 101
1025205      0  71
1025312      0  12
1025599      0 102
1026898      0  71
1027004      0  11
1027382      0 101
1028590      0  71
1028697      0  21
1029067      0 101
1030283      0  71
1030389      0  22
1030768      0 102
1031975      0  71
1032082      0  11
1032404      0 101
1033667      0  71
1033774      0  22
1034171      0 102
1035360      0  71
1035467      0  21
1035839      0 101
1037052      0  71
1037159      0  11
1037492      0 101
1038745      0  71
1038852      0  11
1039160      0 101
1040437      0  71
1040544      0  12
1040861      0 102
1042130      0  71
1042237      0  22
1042612      0 102
1043822      0  71
1043929      0  21
1044280      0 101
1045515      0  71
1045622      0  11
1046031      0 101
1047207      0  71
1047314      0  12
1047846      0 102
1048900      0  71
1049007      0  22
1049417      0 102
1050592      0  71
1050699      0  21
1051102      0 101
1052285      0  71
1052391      0  21
1052738      0 101
1053977      0  71
1054084      0  11
1054374      0 101
1055670      0  71
1055776      0  11
1056124      0 101
1057362      0  71
1057469      0  21
1057825      0 101
1059055      0  71
1059161      0  12
1059674      0 102
1060747      0  71
1060854      0  22
1061310      0 102
1062440      0  71
1062546      0  12
1062864      0 102
1064132      0  71
1064239      0  22
1064663      0 102
1065825      0  71
1065931      0  11
1066414      0 101
1067517      0  71
1067624      0  12
1067935      0 102
1069210      0  71
1069316      0  11
1069636      0 101
1070902      0  71
1071009      0  12
1071338      0 102
1072595      0  71
1072701      0  21
1073252      0 101
1074287      0  71
1074394      0  22
1074773      0 102
1075980      0  71
1076086      0  21
1076442      0 101
1077672      0  71
1077779      0  12
1078077      0 102
1079365      0  71
1079471      0  22
1079877      0 102
1081057      0  71
1081164      0  22
1081546      0 102
1082850      0 245
1083392      0 65536
1084284  65536 65662
1084387  65536 65663
1086391      0  71
1086497      0  12
1086994      0 102
1088083      0  71
1088190      0  21
1088499      0 101
1089776      0  71
1089882      0  22
1090216      0 102
1091468      0  71
1091575      0  22
1091950      0 102
1093161      0  71
1093267      0  21
1093603      0 101
1094853      0  71
1094960      0  21
1095369      0 101
1096546      0  71
1096652      0  11
1096956      0 101
1098238      0  71
1098345      0  21
1098707      0 101
1099931      0  71
1100037      0  12
1100523      0 102
1101623      0  71
1101730      0  21
1102061      0 101
1103316      0  71
1103422      0  12
1103680      0 102
1105008      0  71
1105115      0  21
1105463      0 101
1106701      0  71
1106807      0  11
1107066      0 101
1108393      0  71
1108500      0  21
1108915      0 101
1110086      0  71
1110192      0  22
1110551      0 102
1111778      0  71
1111885      0  22
1112334      0 102
1113471      0  71
1113577      0  11
1114101      0 101
1115163      0  71
1115270      0  22
1115786      0 102
1116856      0  71
1116962      0  12
1117356      0 102
1118548      0  71
1118655      0  12
1119106      0 102
1120241      0  71
1120347      0  11
1120857      0 101
1121933      0  71
1122040      0  22
1122444      0 102
1123625      0  71
1123732      0  12
1124079      0 102
1125318      0  71
1125425      0  11
1125699      0 101
1127010      0  71
1127117      0  12
1127400      0 102
1128703      0  71
1128810      0  21
1129167      0 101
1130395      0  71
1130502      0  11
1130803      0 101
1132088      0  71
1132195      0  11
1132472      0 101
1133780      0  71
1133887      0  21
1134238      0 101
1135473      0  71
1135580      0  21
1135907      0 101
1137165      0  71
1137272      0  22
1137657      0 102
1138858      0  71
1138965      0  22
1139228      0 201
1140550      0  71
1140657      0  12
1140994      0 102
1142243      0  71
1142349      0  11
1142810      0 101
1143935      0  71
1144042      0  11
1144348      0 101
1145628      0  71
1145734      0  12
1146016      0 102
1147320      0  71
1147427      0  11
1147783      0 101
1149013      0  71
1149119      0  12
1149370      0 102
1150705      0  71
1150812      0  22
1151055      0 201
1152398      0  71
1152504      0  22
1152822      0 102
1154191      0 245
1155072      0 65536
1155625  65536 65662
1155727  65536 65663
1157731      0  71
1157838      0  21
1158221      0 101
1159424      0  71
1159531      0  11
1159776      0 101
1161116      0  71
1161223      0  21
1161461      0 202
1162809      0  71
1162916      0  12
1163293      0 102
1164501      0  71
1164608      0  12
1164929      0 102
1166194      0  71
1166301      0  22
1166761      0 102
1167886      0  71
1167993      0  22
1168348      0 102
1169579      0  71
1169686      0  12
1169935      0 102
1171271      0  71
1171378      0  11
1171865      0 101
1172964      0  71
1173070      0  21
1173435      0 101
1174656      0  71
1174763      0  21
1175136      0 101
1176349      0  71
1176455      0  22
1176952      0 102
1178041      0  71
1178148      0  11
1178506      0 101
1179734      0  71
1179840      0  11
1180126      0 101
1181426      0  71
1181533      0  12
1181991      0 102
1183119      0  71
1183225      0  12
1183578      0 102
1184811      0  71
1184918      0  11
1185279      0 101
1186504      0  71
1186610      0  22
1187013      0 102
1188196      0  71
1188303      0  21
1188698      0 101
1189889      0  71
1189995      0  22
1190367      0 102
1191581      0  71
1191688      0  21
1192068      0 101
1193274      0  71
1193380      0  22
1193802      0 102
1194966      0  71
1195073      0  11
1195487      0 101
1196659      0  71
1196765      0  11
1197058      0 101
1198351      0  71
1198458      0  12
1198808      0 102
1200044      0  71
1200150      0  22
1200427      0 201
1201736      0  71
1201843      0  11
1202194      0 101
1203429      0  71
1203535      0  12
1203961      0 102
1205121      0  71
1205228      0  11
1205515      0 101
1206814      0  71
1206920      0  22
1207265      0 102
1208506      0  71
1208613      0  22
1209016      0 102
1210199      0  71
1210305      0  21
1210701      0 101
1211891      0  71
1211998      0  21
1212386      0 101
1213583      0  71
1213690      0  12
1214038      0 102
1215276      0  71
1215383      0  21
1215772      0 101
1216968      0  71
1217075      0  21
1217441      0 101
1218661      0  71
1218768      0  12
1219077      0 102
1220353      0  71
1220460      0  22
1220843      0 102
1222046      0  71
1222153      0  12
1222447      0 102
1223738      0  71
1223845      0  11
1224181      0 101
1225531      0 245
1226752      0 65536
1226965  65536 65662
1227068  65536 65663
1229072      0  71
1229179      0  22
1229564      0 102
1230765      0  71
1230871      0  11
1231134      0 101
1232457      0  71
1232564      0  22
1232950      0 102
1234150      0  71
1234256      0  12
1234586      0 102
1235842      0  71
1235949      0  12
1236222      0 102
1237535      0  71
1237641      0  12
1237956      0 102
1239227      0  71
1239334      0  12
1239575      0 102
1240920      0  71
1241026      0  12
1241326      0 102
1242612      0  71
1242719      0  22
1243158      0 102
1244304      0  71
1244411      0  11
1245186      0 101
1245997      0  71
1246104      0  11
1246430      0 101
1247689      0  71
1247796      0  11
1248098      0 101
1249382      0  71
1249489      0  12
1249816      0 102
1251074      0  71
1251181      0  22
1251664      0 102
1252767      0  71
1252874      0  21
1253317      0 101
1254459      0  71
1254566      0  21
1255084      0 101
1256152      0  71
1256259      0  21
1256572      0 202
1256916      0 201
1257844      0  71
1257951      0  21
1258355      0 101
1259537      0  71
1259644      0  11
1259942      0 101
1261229      0  71
1261336      0  11
1261644      0 101
1262922      0  71
1263028      0  11
1263312      0 101
1264614      0  71
1264721      0  22
1265161      0 102
1266307      0  71
1266413      0  11
1266878      0 101
1267999      0  71
1268106      0  12
1268449      0 102
1269692      0  71
1269798      0  22
1270248      0 102
1271384      0  71
1271491      0  21
1271884      0 101
1273077      0  71
1273183      0  21
1273520      0 101
1274769      0  71
1274876      0  22
1275320      0 102
1276462      0  71
1276568      0  11
1276956      0 101
1278154      0  71
1278261      0  11
1278657      0 101
1279847      0  71
1279953      0  22
1280604      0 102
1281539      0  71
1281646      0  12
1282011      0 102
1283232      0  71
1283338      0  22
1283794      0 102
1284924      0  71
1285031      0  21
1285413      0 101
1286617      0  71
1286723      0  22
1287098      0 102
1288309      0  71
1288416      0  21
1288816      0 101
1290002      0  71
1290108      0  12
1290370      0 102
1291694      0  71
1291801      0  12
1292186      0 102
1293387      0  71
1293493      0  21
1293854      0 101
1295079      0  71
1295186      0  21
1295654      0 101
1296872      0 245
1297408      0 65536
1298306  65536 65662
1298408  65536 65663
1300413      0  71
1300519      0  22
1300922      0 102
1302105      0  71
1302212      0  22
1302656      0 102
1303798      0  71
1303904      0  22
1304259      0 102
1305490      0  71
1305597      0  12
1305928      0 102
1307183      0  71
1307289      0  21
1307645      0 101
1308875      0  71
1308982      0  12
1309330      0 102
1310568      0  71
1310674      0  22
1311359      0 102
1312260      0  71
1312367      0  22
1312749      0 102
1313953      0  71
1314059      0  21
1314467      0 101
1315645      0  71
1315752      0  22
1316152      0 102
1317338      0  71
1317444      0  11
1317739      0 101
1319030      0  71
1319137      0  21
1319506      0 101
1320723      0  71
1320829      0  11
1321191      0 101
1322415      0  71
1322522      0  22
1322909      0 102
1324108      0  71
1324214      0  12
1324495      0 102
1325800      0  71
1325907      0  11
1326196      0 101
1327493      0  71
1327599      0  21
1327947      0 101
1329185      0  71
1329292      0  12
1329616      0 102
1330878      0  71
1330984      0  12
1331235      0 102
1332570      0  71
1332677      0  12
1332953      0 102
1334262      0  71
1334369      0  12
1334670      0 102
1335955      0  71
1336062      0  22
1336454      0 102
1337647      0  71
1337754      0  22
1338073      0 102
1339340      0  71
1339447      0  11
1339856      0 101
1341032      0  71
1341139      0  11
1341427      0 101
1342725      0  71
1342832      0  11
1343095      0 101
1344417      0  71
1344524      0  21
1345058      0 101
1346110      0  71
1346217      0  12
1346498      0 102
1347802      0  71
1347909      0  11
1348216      0 101
1349495      0  71
1349602      0  21
1349966      0 101
1351187      0  71
1351294      0  12
1351586      0 102
1352880      0  71
1352986      0  21
1353320      0 101
1354572      0  71
1354679      0  21
1355086      0 101
1356265      0  71
1356371      0  21
1356788      0 101
1357957      0  71
1358064      0  11
1358424      0 101
1359650      0  71
1359756      0  11
1360043      0 101
1361342      0  71
1361449      0  21
1361794      0 101
1363035      0  71
1363141      0  12
1363429      0 102
1364727      0  71
1364834      0  11
1365196      0 101
1366420      0  71
1366526      0  22
1367028      0 102
1368212      0 245
1369088      0 65536
1369647  65536 65662
1369749  65536 65663
1371753      0  71
1371860      0  21
1372215      0 101
1373446      0  71
1373553      0  22
1373949      0 102
1375138      0  71
1375245      0  11
1375683      0 202
1375798      0 201
1376831      0  71
1376938      0  22
1377287      0 102
1378523      0  71
1378630      0  22
1379004      0 102
1380216      0  71
1380323      0  22
1380738      0 102
1381908      0  71
1382015      0  12
1382489      0 102
1383601      0  71
1383707      0  11
1384026      0 101
1385293      0  71
1385400      0  22
1385859      0 102
1386986      0  71
1387092      0  11
1387805      0 101
1388678      0  71
1388785      0  11
1389081      0 101
1390371      0  71
1390477      0  12
1390734      0 102
1392063      0  71
1392170      0  12
1392517      0 102
1393756      0  71
1393862      0  21
1394234      0 101
1395448      0  71
1395555      0  22
1395919      0 102
1397141      0  71
1397247      0  12
1397670      0 102
1398833      0  71
1398940      0  21
1399306      0 101
1400526      0  71
1400632      0  22
1401138      0 102
1402218      0  71
1402325      0  22
1402659      0 102
1403911      0  71
1404017      0  12
1404377      0 102
1405603      0  71
1405710      0  21
1406111      0 101
1407296      0  71
1407402      0  21
1407796      0 101
1408988      0  71
1409095      0  11
1409481      0 101
1410681      0  71
1410787      0  11
1411264      0 101
1412373      0  71
1412480      0  12
1413096      0 102
1414066      0  71
1414172      0  12
1414601      0 102
1415758      0  71
1415865      0  21
1416237      0 101
1417451      0  71
1417557      0  12
1418168      0 102
1419143      0  71
1419250      0  12
1419705      0 102
1420836      0  71
1420942      0  12
1421309      0 102
1422528      0  71
1422635      0  11
1422944      0 101
1424220      0  71
1424327      0  11
1424760      0 101
1425913      0  71
1426020      0  21
1426429      0 101
1427605      0  71
1427712      0  11
1428539      0 101
1429298      0  71
1429405      0  22
1429832      0 102
1430990      0  71
1431097      0  22
1431500      0 102
1432683      0  71
1432790      0  21
1433185      0 101
1434375      0  71
1434482      0  21
1434838      0 101
1436068      0  71
1436175      0  21
1436523      0 101
1437760      0  71
1437867      0  11
1438175      0 101
1439553      0 245
1440768      0 65536
1440987  65536 65662
1441090  65536 65663
1443094      0  71
1443201      0  12
1443787      0 102
1444787      0  71
1444893      0  22
1445259      0 102
1446479      0  71
1446586      0  12
1447010      0 102
1448172      0  71
1448278      0  11
1448891      0 101
1449864      0  71
1449971      0  12
1450478      0 102
1451557      0  71
1451663      0  22
1452032      0 102
1453249      0  71
1453356      0  21
1453798      0 101
1454941      0  71
1455048      0  11
1455418      0 101
1456634      0  71
1456741      0  11
1457087      0 101
1458326      0  71
1458433      0  11
1458821      0 101
1460019      0  71
1460126      0  11
1460489      0 101
1461711      0  71
1461818      0  21
1462158      0 101
1463404      0  71
1463511      0  21
1463777      0 101
1465096      0  71
1465203      0  22
1465610      0 102
1466789      0  71
1466896      0  11
1467344      0 101
1468481      0  71
1468588      0  21
1468963      0 101
1470174      0  71
1470281      0  12
1470632      0 102
1471866      0  71
1471973      0  22
1472366      0 102
1473559      0  71
1473665      0  21
1474067      0 101
1475251      0  71
1475358      0  11
1475834      0 101
1476944      0  71
1477050      0  12
1477584      0 102
1478636      0  71
1478743      0  12
1479040      0 102
1480329      0  71
1480435      0  12
1480938      0 102
1482021      0  71
1482128      0  22
1482623      0 102
1483714      0  71
1483820      0  12
1484210      0 102
1485406      0  71
1485513      0  21
1485895      0 101
1487099      0  71
1487205      0  22
1487596      0 102
1488791      0  71
1488898      0  11
1489199      0 101
1490484      0  71
1490590      0  21
1491097      0 101
1492176      0  71
1492283      0  21
1492716      0 101
1493869      0  71
1493975      0  21
1494352      0 101
1495561      0  71
1495668      0  22
1496136      0 102
1497254      0  71
1497360      0  22
1497706      0 102
1498946      0  71
1499053      0  22
1499522      0 102
1500639      0  71
1500745      0  12
1501108      0 102
1502331      0  71
1502438      0  11
1502990      0 101
1504024      0  71
1504130      0  11
1504446      0 101
1505716      0  71
1505823      0  21
1506163      0 101
1507409      0  71
1507515      0  12
1507996      0 102
1509101      0  71
1509208      0  22
1509615      0 102
1510894      0 245
1511424      0 65536
1512023  65536 65662
1512125  65536 65663
1514132      0  71
1514239      0  11
1514595      0 101
1515824      0  71
1515931      0  12
1516280      0 102
1517517      0  71
1517624      0  21
1517965      0 101
1519209      0  71
1519316      0  22
1519683      0 102
1520902      0  71
1521008      0  21
1521335      0 101
1522594      0  71
1522701      0  21
1523020      0 101
1524287      0  71
1524393      0  11
1524656      0 101
1525979      0  71
1526086      0  12
1526357      0 102
1527672      0  71
1527778      0  12
1528075      0 102
1529364      0  71
1529471      0  22
1529858      0 102
1531057      0  71
1531163      0  22
1531511      0 102
1532749      0  71
1532856      0  11
1533146      0 101
1534442      0  71
1534548      0  12
1534897      0 102
1536134      0  71
1536241      0  22
1536500      0 201
1536631      0 202
1537827      0  71
1537933      0  11
1538201      0 101
1539519      0  71
1539626      0  22
1540001      0 102
1541212      0  71
1541318      0  21
1541670      0 101
1542904      0  71
1543011      0  12
1543387      0 102
1544597      0  71
1544703      0  11
1545007      0 101
1546289      0  71
1546396      0  21
1546790      0 101
1547982      0  71
1548088      0  21
1548508      0 101
1549674      0  71
1549781      0  22
1550176      0 102
1551367      0  71
1551473      0  11
1551829      0 101
1553059      0  71
1553166      0  22
1553595      0 102
1554752      0  71
1554858      0  12
1555199      0 102
1556444      0  71
1556551      0  11
1556835      0 101
1558137      0  71
1558243      0  21
1558585      0 101
1559829      0  71
1559936      0  21
1560270      0 101
1561521      0  71
1561628      0  22
1561971      0 102
1563214      0  71
1563321      0  22
1563656      0 102
1564906      0  71
1565013      0  12
1565325      0 102
1566599      0  71
1566706      0  21
1567042      0 101
1568291      0  71
1568398      0  11
1568694      0 101
1569984      0  71
1570091      0  22
1570461      0 102
1571676      0  71
1571783      0  12
1572114      0 102
1573369      0  71
1573476      0  11
1573831      0 101
1575061      0  71
1575168      0  21
1575533      0 101
1576754      0  71
1576861      0  12
1577218      0 102
1578453      0  71
1578553      0  12
1578870      0 102
1580139      0  71
1580245      0  11
1580588      0 101
1581932      0 245
1583104      0 65536
1583366  65536 65662
1583468  65536 65663
1585473      0  71
1585579      0  11
1586167      0 101
1587165      0  71
1587272      0  11
1587574      0 101
1588858      0  71
1588964      0  12
1589275      0 102
1590550      0  71
1590657      0  22
1590993      0 102
1592242      0  71
1592349      0  21
1592694      0 101
1593935      0  71
1594042      0  12
1594510      0 102
1595627      0  71
1595734      0  22
1596015      0 201
1597320      0  71
1597427      0  12
1597880      0 102
1599012      0  71
1599119      0  22
1599532      0 102
1600705      0  71
1600812      0  22
1601185      0 102
1602397      0  71
1602504      0  22
1602853      0 102
1604090      0  71
1604197      0  21
1604555      0 101
1605782      0  71
1605889      0  11
1606191      0 101
1607475      0  71
1607582      0  12
1608006      0 102
1609167      0  71
1609274      0  12
1609708      0 102
1610860      0  71
1610966      0  12
1611327      0 102
1612552      0  71
1612659      0  21
1613029      0 101
1614245      0  71
1614351      0  22
1614714      0 102
1615937      0  71
1616044      0  21
1616382      0 101
1617630      0  71
1617736      0  11
1618035      0 101
1619322      0  71
1619429      0  11
1619703      0 101
1621015      0  71
1621121      0  22
1621503      0 102
1622707      0  71
1622814      0  12
1623073      0 102
1624400      0  71
1624506      0  11
1624807      0 101
1626092      0  71
1626199      0  22
1626558      0 102
1627785      0  71
1627891      0  21
1628226      0 101
1629477      0  71
1629584      0  12
1629846      0 102
1631170      0  71
1631276      0  21
1631613      0 101
1632862      0  71
1632969      0  11
1633494      0 101
1634555      0  71
1634661      0  11
1634933      0 101
1636247      0  71
1636354      0  21
1636733      0 101
1637940      0  71
1638046      0  12
1638353      0 102
1639632      0  71
1639739      0  22
1640152      0 102
1641325      0  71
1641431      0  11
1641821      0 101
1643017      0  71
1643124      0  21
1643522      0 101
1644710      0  71
1644816      0  21
1645207      0 101
1646402      0  71
1646509      0  11
1646843      0 101
1648094      0  71
1648201      0  21
1648610      0 101
1649787      0  71
1649894      0  22
1650295      0 102
1651479      0  71
1651586      0  12
1651963      0 102
1653272      0 245
1653760      0 65536
1653785  65536 65663
1655789      0  71
1655896      0  22
1656323      0 102
1657482      0  71
1657588      0  11
1657926      0 101
1659174      0  71
1659281      0  22
1659643      0 102
1660867      0  71
1660973      0  11
1661279      0 101
1662559      0  71
1662666      0  22
1663013      0 102
1664252      0  71
1664358      0  12
1664633      0 102
1665944      0  71
1666051      0  22
1666449      0 102
1667637      0  71
1667743      0  22
1668150      0 102
1669329      0  71
1669436      0  12
1669737      0 102
1671022      0  71
1671128      0  21
1671487      0 101
1672714      0  71
1672821      0  12
1673091      0 102
1674407      0  71
1674513      0  22
1674906      0 102
1676099      0  71
1676206      0  12
1676461      0 102
1677791      0  71
1677898      0  21
1678260      0 101
1679484      0  71
1679591      0  11
1679912      0 101
1681176      0  71
1681283      0  11
1681565      0 101
1682869      0  71
1682976      0  11
1683282      0 101
1684561      0  71
1684668      0  22
1685049      0 102
1686254      0  71
1686361      0  12
1686652      0 102
1687946      0  71
1688053      0  21
1688403      0 101
1689639      0  71
1689746      0  21
1690088      0 101
1691331      0  71
1691438      0  22
1691838      0 102
1693024      0  71
1693131      0  21
1693523      0 101
1694716      0  71
1694823      0  12
1695175      0 102
1696409      0  71
1696515      0  21
1696926      0 101
1698101      0  71
1698208      0  12
1698529      0 102
1699794      0  71
1699900      0  22
1700394      0 102
1701486      0  71
1701593      0  11
1701948      0 101
1703179      0  71
1703285      0  11
1703633      0 101
1704871      0  71
1704978      0  11
1705318      0 101
1706564      0  71
1706670      0  21
1707036      0 101
1708256      0  71
1708363      0  11
1708721      0 101
1709949      0  71
1710055      0  11
1710422      0 101
1711641      0  71
1711748      0  21
1712140      0 101
1713334      0  71
1713440      0  22
1713874      0 102
1715026      0  71
1715133      0  21
1715543      0 101
1716719      0  71
1716825      0  12
1717277      0 102
1718411      0  71
1718518      0  21
1718962      0 101
1720104      0  71
1720210      0  12
1720778      0 102
1721796      0  71
1721903      0  12
1722398      0 102
1723589      0 245
1724416      0 65536
1725023  65536 65662
1725126  65536 65663
1727130      0  71
1727236      0  11
1727634      0 101
1728822      0  71
1728929      0  11
1729155      0 101
1730515      0  71
1730621      0  22
1730971      0 102
1732207      0  71
1732314      0  11
1732640      0 101
1733900      0  71
1734006      0  22
1734407      0 102
1735592      0  71
1735699      0  12
1736043      0 102
1737285      0  71
1737391      0  21
1737728      0 101
1738977      0  71
1739084      0  12
1739462      0 102
1740670      0  71
1740776      0  11
1741081      0 101
1742362      0  71
1742469      0  11
1742799      0 101
1744055      0  71
1744161      0  21
1744582      0 101
1745747      0  71
1745854      0  12
1746234      0 102
1747440      0  71
1747546      0  11
1747804      0 101
1749132      0  71
1749239      0  22
1749637      0 102
1750825      0  71
1750931      0  11
1751191      0 101
1752517      0  71
1752624      0  11
1752908      0 101
1754210      0  71
1754316      0  22
1754692      0 102
1755902      0  71
1756009      0  12
1756295      0 102
1757595      0  71
1757701      0  22
1758143      0 102
1759287      0  71
1759394      0  12
1759763      0 102
1760980      0  71
1761086      0  12
1761415      0 102
1762672      0  71
1762779      0  12
1763132      0 102
1764364      0  71
1764471      0  21
1764818      0 101
1766057      0  71
1766164      0  11
1766551      0 101
1767749      0  71
1767856      0  12
1768367      0 102
1769442      0  71
1769549      0  22
1769889      0 102
1771134      0  71
1771241      0  21
1771672      0 101
1772827      0  71
1772934      0  21
1773373      0 101
1774519      0  71
1774626      0  12
1774944      0 102
1776212      0  71
1776319      0  21
1776678      0 101
1777904      0  71
1778011      0  11
1778330      0 101
1779597      0  71
1779704      0  22
1780179      0 102
1781289      0  71
1781396      0  12
1781831      0 102
1782982      0  71
1783088      0  21
1783418      0 101
1784674      0  71
1784781      0  22
1785152      0 102
1786367      0  71
1786473      0  22
1786903      0 102
1788059      0  71
1788166      0  21
1788506      0 101
1789752      0  71
1789858      0  21
1790207      0 101
1791444      0  71
1791551      0  22
1791957      0 102
1793137      0  71
1793243      0  21
1793691      0 101
1794929      0 245
1796096      0 65536
1796364  65536 65662
1796466  65536 65663
1798470      0  71
1798577      0  12
1798993      0 102
1800163      0  71
1800270      0  21
1800629      0 101
1801855      0  71
1801962      0  11
1802363      0 101
1803548      0  71
1803655      0  22
1803999      0 102
1805240      0  71
1805347      0  21
1805733      0 101
1806933      0  71
1807040      0  12
1807401      0 102
1808625      0  71
1808732      0  12
1809021      0 102
1810318      0  71
1810425      0  21
1810755      0 101
1812010      0  71
1812117      0  11
1812407      0 101
1813703      0  71
1813809      0  12
1814174      0 102
1815395      0  71
1815502      0  12
1815843      0 102
1817088      0  71
1817194      0  11
1817511      0 101
1818780      0  71
1818887      0  21
1819393      0 101
1820473      0  71
1820579      0  22
1821028      0 102
1822165      0  71
1822272      0  11
1822550      0 101
1823858      0  71
1823964      0  11
1824251      0 101
1825550      0  71
1825657      0  21
1826034      0 101
1827243      0  71
1827349      0  21
1827703      0 101
1828935      0  71
1829042      0  22
1829404      0 102
1830628      0  71
1830734      0  11
1831073      0 101
1832320      0  71
1832427      0  12
1832790      0 102
1834013      0  71
1834119      0  11
1834475      0 101
1835705      0  71
1835812      0  22
1836209      0 102
1837398      0  71
1837504      0  21
1837862      0 101
1839090      0  71
1839197      0  22
1839710      0 102
1840783      0  71
1840889      0  12
1841281      0 102
1842475      0  71
1842582      0  12
1842933      0 102
1844168      0  71
1844274      0  22
1844651      0 102
1845860      0  71
1845967      0  12
1846303      0 102
1847553      0  71
1847659      0  11
1848201      0 101
1849245      0  71
1849352      0  21
1849706      0 101
1850937      0  71
1851044      0  21
1851473      0 101
1852630      0  71
1852737      0  22
1853108      0 102
1854322      0  71
1854429      0  21
1854810      0 101
1856015      0  71
1856122      0  11
1856380      0 101
1857707      0  71
1857814      0  22
1858163      0 102
1859400      0  71
1859507      0  22
1859914      0 102
1861092      0  71
1861199      0  12
1861550      0 102
1862785      0  71
1862892      0  11
1863284      0 101
1864477      0  71
1864584      0  22
1865034      0 102
1866270      0 245
1866752      0 65536
1868787      0  71
1868894      0  22
1869540      0 102
1870480      0  71
1870586      0  22
1870931      0 102
1872172      0  71
1872279      0  22
1872583      0 102
1873865      0  71
1873971      0  21
1874317      0 101
1875557      0  71
1875664      0  12
1876084      0 102
1877250      0  71
1877356      0  21
1877704      0 101
1878942      0  71
1879049      0  11
1879356      0 101
1880634      0  71
1880741      0  22
1881107      0 102
1882327      0  71
1882434      0  11
1882677      0 101
1884019      0  71
1884126      0  11
1884411      0 101
1885712      0  71
1885819      0  21
1886080      0 202
1887404      0  71
1887511      0  21
1887977      0 101
1889097      0  71
1889204      0  12
1889564      0 102
1890789      0  71
1890896      0  22
1891347      0 102
1892482      0  71
1892589      0  12
1893016      0 102
1894174      0  71
1894281      0  11
1894701      0 101
1895867      0  71
1895974      0  21
1896386      0 101
1897559      0  71
1897666      0  12
1898038      0 102
1899252      0  71
1899358      0  21
1899772      0 101
1900944      0  71
1901051      0  12
1901441      0 102
1902637      0  71
1902743      0  22
1903143      0 102
1904329      0  71
1904436      0  22
1904827      0 102
1906022      0  71
1906128      0  12
1906545      0 102
1907714      0  71
1907821      0  12
1908230      0 102
1909407      0  71
1909513      0  21
1909899      0 101
1911099      0  71
1911206      0  11
1911518      0 101
1912792      0  71
1912898      0  22
1913285      0 102
1914484      0  71
1914591      0  12
1914921      0 102
1916177      0  71
1916283      0  11
1916541      0 101
1917869      0  71
1917976      0  11
1918275      0 101
1919562      0  71
1919668      0  21
1919992      0 101
1921254      0  71
1921361      0  12
1921955      0 102
1922947      0  71
1923053      0  12
1923640      0 102
1924639      0  71
1924746      0  11
1925227      0 101
1926332      0  71
1926438      0  11
1926765      0 101
1928024      0  71
1928131      0  11
1928466      0 101
1929717      0  71
1929823      0  21
1930167      0 101
1931409      0  71
1931516      0  21
1931885      0 101
1933102      0  71
1933208      0  22
1933586      0 102
1934794      0  71
1934901      0  22
1935418      0 102
1936587      0 245
1937408      0 65536
1938021  65536 65662
1938123  65536 65663
1940128      0  71
1940234      0  21
1940965      0 101
1941820      0  71
1941927      0  22
1942274      0 102
1943513      0  71
1943619      0  11
1943893      0 101
1945205      0  71
1945312      0  11
1945578      0 101
1946898      0  71
1947004      0  21
1947411      0 101
1948590      0  71
1948697      0  12
1948965      0 102
1950283      0  71
1950389      0  11
1950666      0 101
1951975      0  71
1952082      0  22
1952433      0 102
1953668      0  71
1953774      0  22
1954101      0 102
1955360      0  71
1955467      0  11
1955721      0 101
1957053      0  71
1957159      0  22
1957668      0 102
1958745      0  71
1958852      0  22
1959287      0 102
1960438      0  71
1960544      0  21
1960874      0 101
1962130      0  71
1962237      0  21
1962592      0 101
1963823      0  71
1963929      0  22
1964342      0 102
1965515      0  71
1965622      0  21
1965962      0 101
1967207      0  71
1967314      0  12
1967630      0 102
1968900      0  71
1969007      0  22
1969512      0 102
1970592      0  71
1970699      0  11
1971050      0 101
1972285      0  71
1972392      0  21
1972718      0 101
1973977      0  71
1974084      0  12
1974370      0 102
1975670      0  71
1975777      0  11
1976055      0 101
1977362      0  71
1977469      0  21
1977806      0 101
1979055      0  71
1979162      0  12
1979507      0 102
1980747      0  71
1980854      0  12
1981241      0 102
1982440      0  71
1982547      0  21
1982926      0 101
1984132      0  71
1984239      0  12
1984644      0 102
1985825      0  71
1985931      0  21
1986296      0 101
1987517      0  71
1987624      0  12
1987981      0 102
1989210      0  71
1989316      0  12
1989683      0 102
1990902      0  71
1991009      0  11
1991351      0 101
1992595      0  71
1992701      0  22
1993102      0 102
1994287      0  71
1994394      0  11
1994705      0 101
1995980      0  71
1996086      0  12
1996374      0 102
1997672      0  71
1997779      0  22
1998026      0 201
1999365      0  71
1999471      0  21
1999858      0 101
2001057      0  71
2001164      0  11
2001494      0 101
2002750      0  71
2002856      0  11
2003114      0 101
2004442      0  71
2004549      0  12
2004864      0 102
2006135      0  71
2006241      0  22
2006647      0 102
2007927      0 245
2009088      0 65536
2009362  65536 65662
2009464  65536 65663
2011468      0  71
2011575      0  22
2012047      0 102
2013161      0  71
2013268      0  12
2013601      0 102
2014853      0  71
2014960      0  22
2015367      0 102
2016546      0  71
2016652      0  11
2017053      0 101
2018238      0  71
2018345      0  21
2018836      0 101
2019931      0  71
2020037      0  11
2020373      0 101
2021623      0  71
2021730      0  22
2022157      0 102
2023316      0  71
2023422      0  21
2023809      0 101
2025008      0  71
2025115      0  21
2025478      0 101
2026701      0  71
2026807      0  22
2027228      0 102
2028393      0  71
2028500      0  22
2028962      0 102
2030086      0  71
2030192      0  12
2030533      0 102
2031778      0  71
2031885      0  11
2032250      0 101
2033019      0 201
2033471      0  71
2033577      0  22
2033968      0 102
2035163      0  71
2035270      0  11
2035571      0 101
2036856      0  71
2036962      0  12
2037273      0 102
2038548      0  71
2038655      0  21
2038990      0 101
2040241      0  71
2040347      0  21
2040724      0 101
2041933      0  71
2042040      0  11
2042344      0 101
2043626      0  71
2043732      0  21
2044111      0 101
2045318      0  71
2045425      0  11
2045747      0 101
2047011      0  71
2047117      0  22
2047514      0 102
2048703      0  71
2048810      0  11
2049166      0 101
2050396      0  71
2050502      0  12
2050916      0 102
2052088      0  71
2052195      0  11
2052552      0 101
2053780      0  71
2053887      0  22
2054270      0 102
2055473      0  71
2055580      0  21
2055971      0 101
2057165      0  71
2057272      0  22
2057673      0 102
2058858      0  71
2058965      0  12
2059309      0 102
2060550      0  71
2060657      0  11
2060994      0 101
2062243      0  71
2062350      0  21
2062793      0 101
2063935      0  71
2064042      0  11
2064380      0 101
2065628      0  71
2065735      0  12
2066163      0 102
2067320      0  71
2067427      0  21
2067799      0 101
2069013      0  71
2069120      0  12
2069517      0 102
2070705      0  71
2070812      0  12
2071218      0 102
2072398      0  71
2072504      0  21
2072870      0 101
2074090      0  71
2074197      0  22
2074621      0 102
2075783      0  71
2075889      0  12
2076306      0 102
2077475      0  71
2077582      0  12
2078007      0 102
2079268      0 245
2079744      0 65536
2079781  65536 65663
2081785      0  71
2081892      0  21
2082284      0 101
2083477      0  71
2083584      0  11
2083904      0 101
2085170      0  71
2085277      0  21
2085605      0 101
2086862      0  71
2086969      0  11
2087241      0 101
2088555      0  71
2088662      0  11
2088910      0 101
2089270      0 201
2090247      0  71
2090354      0  21
2090677      0 101
2091940      0  71
2092047      0  21
2092427      0 101
2093632      0  71
2093739      0  12
2094145      0 102
2095325      0  71
2095432      0  11
2095748      0 101
2097017      0  71
2097124      0  12
2097466      0 102
2098710      0  71
2098817      0  21
2099135      0 101
2100402      0  71
2100509      0  12
2100852      0 102
2102095      0  71
2102201      0  12
2102505      0 102
2103787      0  71
2103894      0  21
2104190      0 101
2105480      0  71
2105586      0  12
2105891      0 102
2107172      0  71
2107279      0  22
2107690      0 102
2108865      0  71
2108971      0  12
2109277      0 102
2110557      0  71
2110664      0  11
2110929      0 101
2112250      0  71
2112356      0  11
2112631      0 101
2113942      0  71
2114049      0  22
2114545      0 102
2115635      0  71
2115741      0  21
2116131      0 101
2117327      0  71
2117434      0  22
2117816      0 102
2119020      0  71
2119126      0  11
2119420      0 101
2120712      0  71
2120819      0  21
2121137      0 202
2122405      0  71
2122511      0  12
2122839      0 102
2124097      0  71
2124204      0  22
2124654      0 102
2125790      0  71
2125896      0  12
2126274      0 102
2127482      0  71
2127589      0  11
2127943      0 101
2129175      0  71
2129281      0  11
2129562      0 101
2130867      0  71
2130974      0  22
2131493      0 102
2132560      0  71
2132666      0  22
2132965      0 201
2134252      0  71
2134359      0  21
2134748      0 101
2135945      0  71
2136051      0  22
2136400      0 102
2137637      0  71
2137744      0  22
2138151      0 102
2139329      0  71
2139436      0  12
2139770      0 102
2141022      0  71
2141129      0  12
2141455      0 102
2142714      0  71
2142821      0  22
2143239      0 102
2144407      0  71
2144514      0  22
2144940      0 102
2146099      0  71
2146206      0  11
2146625      0 101
2147792      0  71
2147899      0  21
2148343      0 101
2149585      0 245
2150400      0 65536
2151019  65536 65662
2151121  65536 65663
2153126      0  71
2153232      0  12
2153677      0 102
2154818      0  71
2154925      0  12
2155231      0 102
2156511      0  71
2156617      0  11
2156949      0 101
2158203      0  71
2158310      0  21
2158585      0 202
2159896      0  71
2160002      0  22
2160384      0 102
2161588      0  71
2161695      0  21
2162233      0 101
2163281      0  71
2163387      0  21
2163770      0 101
2164973      0  71
2165080      0  21
2165455      0 101
2166666      0  71
2166772      0  11
2167124      0 101
2168358      0  71
2168465      0  12
2168825      0 102
2170050      0  71
2170157      0  11
2170494      0 101
2171743      0  71
2171850      0  21
2172261      0 101
2173435      0  71
2173542      0  11
2173880      0 101
2175128      0  71
2175235      0  12
2175614      0 102
2176820      0  71
2176927      0  11
2177316      0 101
2178513      0  71
2178620      0  22
2179115      0 102
2180205      0  71
2180312      0  22
2180784      0 102
2181898      0  71
2182005      0  12
2182403      0 102
2183590      0  71
2183697      0  22
2184317      0 102
2185283      0  71
2185390      0  12
2185970      0 102
2186975      0  71
2187082      0  21
2187622      0 101
2188668      0  71
2188774      0  21
2189274      0 101
2190360      0  71
2190467      0  11
2190828      0 101
2192053      0  71
2192159      0  22
2192628      0 102
2193745      0  71
2193852      0  12
2194280      0 102
2195438      0  71
2195544      0  22
2195981      0 102
2197130      0  71
2197237      0  22
2197699      0 102
2198823      0  71
2198929      0  21
2199417      0 101
2200515      0  71
2200622      0  11
2201036      0 101
2202208      0  71
2202314      0  21
2202705      0 101
2203900      0  71
2204007      0  22
2204423      0 102
2205593      0  71
2205699      0  12
2206091      0 102
2207285      0  71
2207392      0  22
2207842      0 102
2208978      0  71
2209084      0  11
2210001      0 101
2210670      0  71
2210777      0  11
2211179      0 101
2212363      0  71
2212469      0  12
2212962      0 201
2214055      0  71
2214162      0  12
2214565      0 102
2215748      0  71
2215854      0  11
2216349      0 101
2217440      0  71
2217547      0  22
2217952      0 102
2219133      0  71
2219239      0  21
2219686      0 101
2220925      0 245
